Water Mass: 735574467.407
Cost: 496.9597768518021
Energy In: 148.59284356562497
Price: 71537.579
Components: [4, 18, 5, 7, 3, 18]

