Water Mass: 735574467.407
Cost: 500.732468813544
Energy In: 149.6243418671199
Price: 72218.274
Components: [4, 18, 5, 7, 3, 18]

